1.816600
2.101503
2.503146
2.564092
2.615435
2.701761
2.713953
2.729716
2.801339
2.875629
2.926943
2.936124
2.949560
2.996494
3.011324
3.023396
3.027363
3.027896
3.040800
3.063266
3.064208
3.105699
3.122744
3.140680
3.176676
3.188917
3.213637
3.275814
3.277922
3.282389
3.289534
3.289831
3.327832
3.337205
3.359416
3.365339
3.370082
3.377147
3.389407
3.396472
3.402912
3.408636
3.428069
3.430122
3.440017
3.459522
3.480329
3.524203
3.537292
3.540161
3.562327
3.587624
3.613888
3.620135
3.628054
3.646005
3.667175
3.677957
3.685024
3.701133
3.705935
3.713315
3.769502
3.790158
3.791485
3.791958
3.800008
3.829568
3.846071
3.894778
3.897590
3.913065
3.921158
3.924214
3.972833
3.976020
3.990222
4.016004
4.016618
4.023681
4.041599
4.063974
4.066784
4.084384
4.092902
4.093569
4.114588
4.120367
4.124338
4.124995
4.138670
4.171613
4.175858
4.232669
4.233617
4.245612
4.251522
4.252694
4.253941
4.265484
4.278135
4.284421
4.305031
4.312925
4.317999
4.323738
4.326845
4.348084
4.360400
4.363692
4.375216
4.383697
4.384485
4.404548
4.407111
4.428272
4.442238
4.461114
4.462764
4.469143
4.495857
4.512221
4.525820
4.555856
4.580794
4.597273
4.623318
4.631518
4.652217
4.674081
4.686361
4.690837
4.716303
4.732690
4.741841
4.742663
4.769313
4.783174
4.800047
4.810312
4.813030
4.821505
4.851157
4.853441
4.860699
4.925323
4.946045
4.946283
4.950961
4.973725
4.990792
4.994078
4.996120
5.046604
5.077459
5.077881
5.100043
5.102625
5.103288
5.128054
5.172623
5.186835
5.187826
5.202758
5.242735
5.303515
5.311665
5.331925
5.340598
5.369395
5.377495
5.390931
5.394758
5.412251
5.426471
5.437827
5.439663
5.440231
5.446055
5.458975
5.472277
5.497482
5.505499
5.524397
5.604497
5.636399
5.664991
5.680275
5.741553
5.783356
5.814699
5.836073
5.841714
5.883040
5.884915
5.886543
5.905212
5.910219
5.945957
5.950727
5.992267
6.024551
6.083068
6.122428
6.125448
6.168895
6.218093
6.250246
6.259608
6.262528
6.262990
6.355639
6.385475
6.491121
6.522572
6.546987
6.558918
6.566868
6.569841
6.706534
6.764933
6.790113
6.820213
6.841013
6.844977
6.852073
7.004641
7.013887
7.035852
7.214690
7.250723
7.412226
7.640073
7.682363
7.763667
7.765908
7.783065
7.891778
8.071981
8.132351
8.231734
8.311935
8.431692
9.144470
9.457699
9.990561
10.389997
10.642703
11.454965
12.009961
