(3, 13): 6.610000
		 (30, 7): 5.245000
				  (10, 18): 9.682500
							(32, 1): 5.470000
									 (2, 38): 7.330000
											  (8, 34): 5.845000
													   (11, 31): 6.805000
																 (16, 19):
																	 14.960000
																	 (5, 37):
																		 5.845000
																		 (15,
																		  17):
																			 4.720000
																			 (21,
																			  27):
																				 11.145000
																				 (4,
																				  14):
																					 5.205000
																					 (6,
																					  35):
																						 6.175000
																						 (29,
																						  0):
																							 5.060000
																							 (24,
																							  26):
																								 6.945000
																								 (23,
																								  20):
																									 11.437500
																									 (39,
																									  12):
																										 3.845000
																										 (28,
																										  22):
																											 5.805000
																											 (9,
																											  33):
																												 5.860000
																												 (36,
																												  25):
																													 4.730000
